0 0 0 0 0 0 0 0 0 0 0 0 0 0 0 0 0 0 0 
0 0 0 0 0 0 0 0 0 0 0 0 0 0 0 0 0 0 0 
0 0 0 0 0 0 0 0 0 0 0 0 0 0 0 0 0 0 0 
0 0 0 0 0 0 0 0 0 0 0 0 0 0 0 0 0 0 0 
0 0 0 0 0 0 0 0 0 0 0 0 0 0 0 0 0 0 0 
0 0 0 0 0 0 0 0 0 0 0 0 0 0 0 0 0 0 0 
0 0 0 0 0 0 0 0 0 0 0 1 0 0 0 0 0 0 0 
0 0 0 0 0 0 2 0 2 0 0 0 0 2 0 0 0 0 0 
0 0 0 0 0 2 0 0 0 2 0 0 0 0 1 0 0 0 0 
0 0 0 0 2 1 1 1 0 1 1 1 1 0 0 0 0 0 0 
0 0 0 0 0 2 2 1 1 1 2 2 2 1 0 0 0 0 0 
0 0 0 0 0 0 0 2 2 2 0 2 1 0 0 0 0 0 0 
0 0 0 0 0 0 0 0 0 0 1 2 1 0 0 0 0 0 0 
0 0 0 0 0 0 0 0 0 0 0 1 0 0 0 0 0 0 0 
0 0 0 0 0 0 0 0 0 0 0 0 0 0 0 0 0 0 0 
0 0 0 0 0 0 0 0 0 0 0 0 0 0 0 0 0 0 0 
0 0 0 0 0 0 0 0 0 0 0 0 0 0 0 0 0 0 0 
0 0 0 0 0 0 0 0 0 0 0 0 0 0 0 0 0 0 0 
0 0 0 0 0 0 0 0 0 0 0 0 0 0 0 0 0 0 0 
WHITE
fasd
Player2
05/18/2020 21:13
